{
  "message": "test(conformance): expand P2C-002 linalg test suite with eigenvalue operations and update parity reports\n\nSignificantly expand the FSCI-P2C-002 (linalg core) conformance fixture\nwith new test cases covering eigenvalue operations: eig, eigh, eigvals,\nand eigvalsh across various matrix types (symmetric, hermitian, general,\ndiagonal, triangular).\n\nUpdate parity reports for both P2C-001 and P2C-002 with regenerated\nhash values, decode proof artifacts, and RaptorQ coverage metrics to\nreflect the expanded test surface and the new CASP solver changes.\n\nCo-Authored-By: Claude Opus 4.6 <noreply@anthropic.com>",
  "files": [
    {
      "sha": "5fc8c212f567c0f40064cd7a96993f2ae4478fca",
      "filename": "crates/fsci-conformance/fixtures/FSCI-P2C-002_linalg_core.json",
      "status": "modified",
      "additions": 1969,
      "deletions": 44,
      "changes": 2013,
      "blob_url": "https://github.com/Dicklesworthstone/frankenscipy/blob/33242ecb78127981d38589c4a54c310978f64508/crates%2Ffsci-conformance%2Ffixtures%2FFSCI-P2C-002_linalg_core.json",
      "raw_url": "https://github.com/Dicklesworthstone/frankenscipy/raw/33242ecb78127981d38589c4a54c310978f64508/crates%2Ffsci-conformance%2Ffixtures%2FFSCI-P2C-002_linalg_core.json",
      "contents_url": "https://api.github.com/repos/Dicklesworthstone/frankenscipy/contents/crates%2Ffsci-conformance%2Ffixtures%2FFSCI-P2C-002_linalg_core.json?ref=33242ecb78127981d38589c4a54c310978f64508",
      "patch": "@@ -6,11 +6,26 @@\n       \"operation\": \"solve\",\n       \"case_id\": \"solve_general_2x2\",\n       \"mode\": \"Strict\",\n-      \"a\": [[3.0, 2.0], [1.0, 2.0]],\n-      \"b\": [5.0, 5.0],\n+      \"a\": [\n+        [\n+          3.0,\n+          2.0\n+        ],\n+        [\n+          1.0,\n+          2.0\n+        ]\n+      ],\n+      \"b\": [\n+        5.0,\n+        5.0\n+      ],\n       \"expected\": {\n         \"kind\": \"vector\",\n-        \"values\": [0.0, 2.5],\n+        \"values\": [\n+          0.0,\n+          2.5\n+        ],\n         \"atol\": 1e-12,\n         \"rtol\": 1e-12\n       }\n@@ -19,12 +34,27 @@\n       \"operation\": \"solve\",\n       \"case_id\": \"solve_diagonal_ill_conditioned_warning\",\n       \"mode\": \"Strict\",\n-      \"a\": [[0.00000000000001, 0.0], [0.0, 1.0]],\n-      \"b\": [0.00000000000001, 1.0],\n+      \"a\": [\n+        [\n+          1e-14,\n+          0.0\n+        ],\n+        [\n+          0.0,\n+          1.0\n+        ]\n+      ],\n+      \"b\": [\n+        1e-14,\n+        1.0\n+      ],\n       \"assume_a\": \"diagonal\",\n       \"expected\": {\n         \"kind\": \"vector\",\n-        \"values\": [1.0, 1.0],\n+        \"values\": [\n+          1.0,\n+          1.0\n+        ],\n         \"atol\": 1e-12,\n         \"rtol\": 1e-12,\n         \"expect_warning_ill_conditioned\": true\n@@ -34,8 +64,19 @@\n       \"operation\": \"solve\",\n       \"case_id\": \"solve_shape_mismatch\",\n       \"mode\": \"Strict\",\n-      \"a\": [[1.0, 0.0], [0.0, 1.0]],\n-      \"b\": [1.0],\n+      \"a\": [\n+        [\n+          1.0,\n+          0.0\n+        ],\n+        [\n+          0.0,\n+          1.0\n+        ]\n+      ],\n+      \"b\": [\n+        1.0\n+      ],\n       \"expected\": {\n         \"kind\": \"error\",\n         \"error\": \"incompatible shapes: a_shape=(2, 2), b_len=1\"\n@@ -45,12 +86,27 @@\n       \"operation\": \"solve_triangular\",\n       \"case_id\": \"solve_triangular_lower\",\n       \"mode\": \"Strict\",\n-      \"a\": [[2.0, 0.0], [3.0, 4.0]],\n-      \"b\": [4.0, 11.0],\n+      \"a\": [\n+        [\n+          2.0,\n+          0.0\n+        ],\n+        [\n+          3.0,\n+          4.0\n+        ]\n+      ],\n+      \"b\": [\n+        4.0,\n+        11.0\n+      ],\n       \"lower\": true,\n       \"expected\": {\n         \"kind\": \"vector\",\n-        \"values\": [2.0, 1.25],\n+        \"values\": [\n+          2.0,\n+          1.25\n+        ],\n         \"atol\": 1e-12,\n         \"rtol\": 1e-12\n       }\n@@ -59,8 +115,20 @@\n       \"operation\": \"solve_triangular\",\n       \"case_id\": \"solve_triangular_singular\",\n       \"mode\": \"Strict\",\n-      \"a\": [[0.0, 0.0], [3.0, 4.0]],\n-      \"b\": [4.0, 11.0],\n+      \"a\": [\n+        [\n+          0.0,\n+          0.0\n+        ],\n+        [\n+          3.0,\n+          4.0\n+        ]\n+      ],\n+      \"b\": [\n+        4.0,\n+        11.0\n+      ],\n       \"lower\": true,\n       \"expected\": {\n         \"kind\": \"error\",\n@@ -71,32 +139,98 @@\n       \"operation\": \"solve_banded\",\n       \"case_id\": \"solve_banded_tridiagonal_plus\",\n       \"mode\": \"Strict\",\n-      \"l_and_u\": [1, 2],\n+      \"l_and_u\": [\n+        1,\n+        2\n+      ],\n       \"ab\": [\n-        [0.0, 0.0, -1.0, -1.0, -1.0],\n-        [0.0, 2.0, 2.0, 2.0, 2.0],\n-        [5.0, 4.0, 3.0, 2.0, 1.0],\n-        [1.0, 1.0, 1.0, 1.0, 0.0]\n+        [\n+          0.0,\n+          0.0,\n+          -1.0,\n+          -1.0,\n+          -1.0\n+        ],\n+        [\n+          0.0,\n+          2.0,\n+          2.0,\n+          2.0,\n+          2.0\n+        ],\n+        [\n+          5.0,\n+          4.0,\n+          3.0,\n+          2.0,\n+          1.0\n+        ],\n+        [\n+          1.0,\n+          1.0,\n+          1.0,\n+          1.0,\n+          0.0\n+        ]\n+      ],\n+      \"b\": [\n+        0.0,\n+        1.0,\n+        2.0,\n+        2.0,\n+        3.0\n       ],\n-      \"b\": [0.0, 1.0, 2.0, 2.0, 3.0],\n       \"expected\": {\n         \"kind\": \"vector\",\n-        \"values\": [-2.37288136, 3.93220339, -4.0, 4.3559322, -1.3559322],\n-        \"atol\": 1e-8,\n-        \"rtol\": 1e-8\n+        \"values\": [\n+          -2.37288136,\n+          3.93220339,\n+          -4.0,\n+          4.3559322,\n+          -1.3559322\n+        ],\n+        \"atol\": 1e-08,\n+        \"rtol\": 1e-08\n       }\n     },\n     {\n       \"operation\": \"solve_banded\",\n       \"case_id\": \"solve_banded_invalid_band_shape\",\n       \"mode\": \"Strict\",\n-      \"l_and_u\": [1, 2],\n+      \"l_and_u\": [\n+        1,\n+        2\n+      ],\n       \"ab\": [\n-        [0.0, 0.0, -1.0, -1.0, -1.0],\n-        [0.0, 2.0, 2.0, 2.0, 2.0],\n-        [5.0, 4.0, 3.0, 2.0, 1.0]\n+        [\n+          0.0,\n+          0.0,\n+          -1.0,\n+          -1.0,\n+          -1.0\n+        ],\n+        [\n+          0.0,\n+          2.0,\n+          2.0,\n+          2.0,\n+          2.0\n+        ],\n+        [\n+          5.0,\n+          4.0,\n+          3.0,\n+          2.0,\n+          1.0\n+        ]\n+      ],\n+      \"b\": [\n+        0.0,\n+        1.0,\n+        2.0,\n+        2.0,\n+        3.0\n       ],\n-      \"b\": [0.0, 1.0, 2.0, 2.0, 3.0],\n       \"expected\": {\n         \"kind\": \"error\",\n         \"error\": \"invalid values for the number of lower and upper diagonals: expected 4 rows in ab, got 3\"\n@@ -106,10 +240,28 @@\n       \"operation\": \"inv\",\n       \"case_id\": \"inv_2x2\",\n       \"mode\": \"Strict\",\n-      \"a\": [[1.0, 2.0], [3.0, 4.0]],\n+      \"a\": [\n+        [\n+          1.0,\n+          2.0\n+        ],\n+        [\n+          3.0,\n+          4.0\n+        ]\n+      ],\n       \"expected\": {\n         \"kind\": \"matrix\",\n-        \"values\": [[-2.0, 1.0], [1.5, -0.5]],\n+        \"values\": [\n+          [\n+            -2.0,\n+            1.0\n+          ],\n+          [\n+            1.5,\n+            -0.5\n+          ]\n+        ],\n         \"atol\": 1e-12,\n         \"rtol\": 1e-12\n       }\n@@ -118,7 +270,16 @@\n       \"operation\": \"inv\",\n       \"case_id\": \"inv_singular\",\n       \"mode\": \"Strict\",\n-      \"a\": [[1.0, 2.0], [2.0, 4.0]],\n+      \"a\": [\n+        [\n+          1.0,\n+          2.0\n+        ],\n+        [\n+          2.0,\n+          4.0\n+        ]\n+      ],\n       \"expected\": {\n         \"kind\": \"error\",\n         \"error\": \"singular matrix\"\n@@ -128,7 +289,23 @@\n       \"operation\": \"det\",\n       \"case_id\": \"det_3x3\",\n       \"mode\": \"Strict\",\n-      \"a\": [[0.0, 2.0, 3.0], [4.0, 5.0, 6.0], [7.0, 8.0, 9.0]],\n+      \"a\": [\n+        [\n+          0.0,\n+          2.0,\n+          3.0\n+        ],\n+        [\n+          4.0,\n+          5.0,\n+          6.0\n+        ],\n+        [\n+          7.0,\n+          8.0,\n+          9.0\n+        ]\n+      ],\n       \"expected\": {\n         \"kind\": \"scalar\",\n         \"value\": 3.0,\n@@ -140,7 +317,18 @@\n       \"operation\": \"det\",\n       \"case_id\": \"det_non_square\",\n       \"mode\": \"Strict\",\n-      \"a\": [[1.0, 2.0, 3.0], [4.0, 5.0, 6.0]],\n+      \"a\": [\n+        [\n+          1.0,\n+          2.0,\n+          3.0\n+        ],\n+        [\n+          4.0,\n+          5.0,\n+          6.0\n+        ]\n+      ],\n       \"expected\": {\n         \"kind\": \"error\",\n         \"error\": \"expected square matrix\"\n@@ -150,24 +338,75 @@\n       \"operation\": \"lstsq\",\n       \"case_id\": \"lstsq_overdetermined\",\n       \"mode\": \"Strict\",\n-      \"a\": [[1.0, 0.0], [1.0, 1.0], [1.0, 2.0], [1.0, 3.0]],\n-      \"b\": [1.0, 2.0, 2.0, 4.0],\n+      \"a\": [\n+        [\n+          1.0,\n+          0.0\n+        ],\n+        [\n+          1.0,\n+          1.0\n+        ],\n+        [\n+          1.0,\n+          2.0\n+        ],\n+        [\n+          1.0,\n+          3.0\n+        ]\n+      ],\n+      \"b\": [\n+        1.0,\n+        2.0,\n+        2.0,\n+        4.0\n+      ],\n       \"expected\": {\n         \"kind\": \"lstsq\",\n-        \"x\": [0.9, 0.9],\n-        \"residuals\": [0.7],\n+        \"x\": [\n+          0.9,\n+          0.9\n+        ],\n+        \"residuals\": [\n+          0.7\n+        ],\n         \"rank\": 2,\n-        \"singular_values\": [4.10003044816824, 1.090756766696107],\n-        \"atol\": 1e-9,\n-        \"rtol\": 1e-9\n+        \"singular_values\": [\n+          4.10003044816824,\n+          1.090756766696107\n+        ],\n+        \"atol\": 1e-09,\n+        \"rtol\": 1e-09\n       }\n     },\n     {\n       \"operation\": \"lstsq\",\n       \"case_id\": \"lstsq_shape_mismatch\",\n       \"mode\": \"Strict\",\n-      \"a\": [[1.0, 0.0], [1.0, 1.0], [1.0, 2.0], [1.0, 3.0]],\n-      \"b\": [1.0, 2.0, 2.0],\n+      \"a\": [\n+        [\n+          1.0,\n+          0.0\n+        ],\n+        [\n+          1.0,\n+          1.0\n+        ],\n+        [\n+          1.0,\n+          2.0\n+        ],\n+        [\n+          1.0,\n+          3.0\n+        ]\n+      ],\n+      \"b\": [\n+        1.0,\n+        2.0,\n+        2.0\n+      ],\n       \"expected\": {\n         \"kind\": \"error\",\n         \"error\": \"incompatible shapes: a_shape=(4, 2), b_len=3\"\n@@ -177,10 +416,34 @@\n       \"operation\": \"pinv\",\n       \"case_id\": \"pinv_rectangular\",\n       \"mode\": \"Strict\",\n-      \"a\": [[1.0, 0.0], [0.0, 1.0], [0.0, 0.0]],\n+      \"a\": [\n+        [\n+          1.0,\n+          0.0\n+        ],\n+        [\n+          0.0,\n+          1.0\n+        ],\n+        [\n+          0.0,\n+          0.0\n+        ]\n+      ],\n       \"expected\": {\n         \"kind\": \"pinv\",\n-        \"values\": [[1.0, 0.0, 0.0], [0.0, 1.0, 0.0]],\n+        \"values\": [\n+          [\n+            1.0,\n+            0.0,\n+            0.0\n+          ],\n+          [\n+            0.0,\n+            1.0,\n+            0.0\n+          ]\n+        ],\n         \"rank\": 2,\n         \"atol\": 1e-12,\n         \"rtol\": 1e-12\n@@ -190,12 +453,1674 @@\n       \"operation\": \"pinv\",\n       \"case_id\": \"pinv_invalid_thresholds\",\n       \"mode\": \"Strict\",\n-      \"a\": [[1.0, 0.0], [0.0, 1.0]],\n+      \"a\": [\n+        [\n+          1.0,\n+          0.0\n+        ],\n+        [\n+          0.0,\n+          1.0\n+        ]\n+      ],\n       \"atol\": -1.0,\n       \"expected\": {\n         \"kind\": \"error\",\n         \"error\": \"atol and rtol values must be positive.\"\n       }\n+    },\n+    {\n+      \"operation\": \"solve\",\n+      \"case_id\": \"solve_3x3_general\",\n+      \"mode\": \"Strict\",\n+      \"a\": [\n+        [\n+          2.0,\n+          1.0,\n+          1.0\n+        ],\n+        [\n+          4.0,\n+          3.0,\n+          3.0\n+        ],\n+        [\n+          8.0,\n+          7.0,\n+          9.0\n+        ]\n+      ],\n+      \"b\": [\n+        1.0,\n+        1.0,\n+        1.0\n+      ],\n+      \"expected\": {\n+        \"kind\": \"vector\",\n+        \"values\": [\n+          1.0,\n+          -1.0,\n+          0.0\n+        ],\n+        \"atol\": 1e-12,\n+        \"rtol\": 1e-12\n+      }\n+    },\n+    {\n+      \"operation\": \"solve\",\n+      \"case_id\": \"solve_identity_3x3\",\n+      \"mode\": \"Strict\",\n+      \"a\": [\n+        [\n+          1.0,\n+          0.0,\n+          0.0\n+        ],\n+        [\n+          0.0,\n+          1.0,\n+          0.0\n+        ],\n+        [\n+          0.0,\n+          0.0,\n+          1.0\n+        ]\n+      ],\n+      \"b\": [\n+        1.0,\n+        2.0,\n+        3.0\n+      ],\n+      \"expected\": {\n+        \"kind\": \"vector\",\n+        \"values\": [\n+          1.0,\n+          2.0,\n+          3.0\n+        ],\n+        \"atol\": 1e-12,\n+        \"rtol\": 1e-12\n+      }\n+    },\n+    {\n+      \"operation\": \"solve\",\n+      \"case_id\": \"solve_symmetric_spd\",\n+      \"mode\": \"Strict\",\n+      \"a\": [\n+        [\n+          4.0,\n+          2.0\n+        ],\n+        [\n+          2.0,\n+          3.0\n+        ]\n+      ],\n+      \"b\": [\n+        1.0,\n+        1.0\n+      ],\n+      \"assume_a\": \"symmetric\",\n+      \"expected\": {\n+        \"kind\": \"vector\",\n+        \"values\": [\n+          0.125,\n+          0.25\n+        ],\n+        \"atol\": 1e-12,\n+        \"rtol\": 1e-12\n+      }\n+    },\n+    {\n+      \"operation\": \"solve\",\n+      \"case_id\": \"solve_transposed\",\n+      \"mode\": \"Strict\",\n+      \"a\": [\n+        [\n+          3.0,\n+          2.0\n+        ],\n+        [\n+          1.0,\n+          2.0\n+        ]\n+      ],\n+      \"b\": [\n+        5.0,\n+        5.0\n+      ],\n+      \"transposed\": true,\n+      \"expected\": {\n+        \"kind\": \"vector\",\n+        \"values\": [\n+          1.2500000000000002,\n+          1.2499999999999998\n+        ],\n+        \"atol\": 1e-12,\n+        \"rtol\": 1e-12\n+      }\n+    },\n+    {\n+      \"operation\": \"inv\",\n+      \"case_id\": \"inv_3x3\",\n+      \"mode\": \"Strict\",\n+      \"a\": [\n+        [\n+          2.0,\n+          1.0,\n+          1.0\n+        ],\n+        [\n+          4.0,\n+          3.0,\n+          3.0\n+        ],\n+        [\n+          8.0,\n+          7.0,\n+          9.0\n+        ]\n+      ],\n+      \"expected\": {\n+        \"kind\": \"matrix\",\n+        \"values\": [\n+          [\n+            1.4999999999999993,\n+            -0.49999999999999933,\n+            -1.6653345369377348e-16\n+          ],\n+          [\n+            -2.999999999999999,\n+            2.4999999999999987,\n+            -0.49999999999999956\n+          ],\n+          [\n+            0.9999999999999996,\n+            -1.4999999999999993,\n+            0.4999999999999998\n+          ]\n+        ],\n+        \"atol\": 1e-10,\n+        \"rtol\": 1e-10\n+      }\n+    },\n+    {\n+      \"operation\": \"inv\",\n+      \"case_id\": \"inv_diagonal_3x3\",\n+      \"mode\": \"Strict\",\n+      \"a\": [\n+        [\n+          5.0,\n+          0.0,\n+          0.0\n+        ],\n+        [\n+          0.0,\n+          2.0,\n+          0.0\n+        ],\n+        [\n+          0.0,\n+          0.0,\n+          8.0\n+        ]\n+      ],\n+      \"expected\": {\n+        \"kind\": \"matrix\",\n+        \"values\": [\n+          [\n+            0.2,\n+            0.0,\n+            0.0\n+          ],\n+          [\n+            0.0,\n+            0.5,\n+            0.0\n+          ],\n+          [\n+            0.0,\n+            0.0,\n+            0.125\n+          ]\n+        ],\n+        \"atol\": 1e-12,\n+        \"rtol\": 1e-12\n+      }\n+    },\n+    {\n+      \"operation\": \"det\",\n+      \"case_id\": \"det_2x2\",\n+      \"mode\": \"Strict\",\n+      \"a\": [\n+        [\n+          4.0,\n+          6.0\n+        ],\n+        [\n+          3.0,\n+          8.0\n+        ]\n+      ],\n+      \"expected\": {\n+        \"kind\": \"scalar\",\n+        \"value\": 13.999999999999998,\n+        \"atol\": 1e-12,\n+        \"rtol\": 1e-12\n+      }\n+    },\n+    {\n+      \"operation\": \"det\",\n+      \"case_id\": \"det_1x1\",\n+      \"mode\": \"Strict\",\n+      \"a\": [\n+        [\n+          7.0\n+        ]\n+      ],\n+      \"expected\": {\n+        \"kind\": \"scalar\",\n+        \"value\": 7.0,\n+        \"atol\": 1e-12,\n+        \"rtol\": 1e-12\n+      }\n+    },\n+    {\n+      \"operation\": \"det\",\n+      \"case_id\": \"det_identity_4x4\",\n+      \"mode\": \"Strict\",\n+      \"a\": [\n+        [\n+          1.0,\n+          0.0,\n+          0.0,\n+          0.0\n+        ],\n+        [\n+          0.0,\n+          1.0,\n+          0.0,\n+          0.0\n+        ],\n+        [\n+          0.0,\n+          0.0,\n+          1.0,\n+          0.0\n+        ],\n+        [\n+          0.0,\n+          0.0,\n+          0.0,\n+          1.0\n+        ]\n+      ],\n+      \"expected\": {\n+        \"kind\": \"scalar\",\n+        \"value\": 1.0,\n+        \"atol\": 1e-12,\n+        \"rtol\": 1e-12\n+      }\n+    },\n+    {\n+      \"operation\": \"lstsq\",\n+      \"case_id\": \"lstsq_underdetermined\",\n+      \"mode\": \"Strict\",\n+      \"a\": [\n+        [\n+          1.0,\n+          1.0\n+        ]\n+      ],\n+      \"b\": [\n+        2.0\n+      ],\n+      \"expected\": {\n+        \"kind\": \"lstsq\",\n+        \"x\": [\n+          0.9999999999999996,\n+          0.9999999999999999\n+        ],\n+        \"residuals\": [],\n+        \"rank\": 1,\n+        \"singular_values\": [\n+          1.4142135623730951\n+        ],\n+        \"atol\": 1e-09,\n+        \"rtol\": 1e-09\n+      }\n+    },\n+    {\n+      \"operation\": \"pinv\",\n+      \"case_id\": \"pinv_square\",\n+      \"mode\": \"Strict\",\n+      \"a\": [\n+        [\n+          1.0,\n+          2.0\n+        ],\n+        [\n+          3.0,\n+          4.0\n+        ]\n+      ],\n+      \"expected\": {\n+        \"kind\": \"pinv\",\n+        \"values\": [\n+          [\n+            -2.0000000000000018,\n+            1.0000000000000007\n+          ],\n+          [\n+            1.5000000000000018,\n+            -0.5000000000000007\n+          ]\n+        ],\n+        \"rank\": 2,\n+        \"atol\": 1e-10,\n+        \"rtol\": 1e-10\n+      }\n+    },\n+    {\n+      \"operation\": \"solve_triangular\",\n+      \"case_id\": \"solve_triangular_upper\",\n+      \"mode\": \"Strict\",\n+      \"a\": [\n+        [\n+          3.0,\n+          1.0\n+        ],\n+        [\n+          0.0,\n+          2.0\n+        ]\n+      ],\n+      \"b\": [\n+        5.0,\n+        4.0\n+      ],\n+      \"lower\": false,\n+      \"expected\": {\n+        \"kind\": \"vector\",\n+        \"values\": [\n+          1.0,\n+          2.0\n+        ],\n+        \"atol\": 1e-12,\n+        \"rtol\": 1e-12\n+      }\n+    },\n+    {\n+      \"operation\": \"solve_triangular\",\n+      \"case_id\": \"solve_triangular_transpose\",\n+      \"mode\": \"Strict\",\n+      \"a\": [\n+        [\n+          2.0,\n+          0.0\n+        ],\n+        [\n+          3.0,\n+          4.0\n+        ]\n+      ],\n+      \"b\": [\n+        4.0,\n+        11.0\n+      ],\n+      \"lower\": true,\n+      \"trans\": \"transpose\",\n+      \"expected\": {\n+        \"kind\": \"vector\",\n+        \"values\": [\n+          -2.125,\n+          2.75\n+        ],\n+        \"atol\": 1e-12,\n+        \"rtol\": 1e-12\n+      }\n+    },\n+    {\n+      \"operation\": \"solve_triangular\",\n+      \"case_id\": \"solve_triangular_unit_diag\",\n+      \"mode\": \"Strict\",\n+      \"a\": [\n+        [\n+          1.0,\n+          0.0\n+        ],\n+        [\n+          3.0,\n+          1.0\n+        ]\n+      ],\n+      \"b\": [\n+        4.0,\n+        11.0\n+      ],\n+      \"lower\": true,\n+      \"unit_diagonal\": true,\n+      \"expected\": {\n+        \"kind\": \"vector\",\n+        \"values\": [\n+          4.0,\n+          -1.0\n+        ],\n+        \"atol\": 1e-12,\n+        \"rtol\": 1e-12\n+      }\n+    },\n+    {\n+      \"operation\": \"inv\",\n+      \"case_id\": \"inv_lower_triangular\",\n+      \"mode\": \"Strict\",\n+      \"a\": [\n+        [\n+          2.0,\n+          0.0\n+        ],\n+        [\n+          3.0,\n+          4.0\n+        ]\n+      ],\n+      \"assume_a\": \"lower_triangular\",\n+      \"expected\": {\n+        \"kind\": \"matrix\",\n+        \"values\": [\n+          [\n+            0.5,\n+            0.0\n+          ],\n+          [\n+            -0.375,\n+            0.25\n+          ]\n+        ],\n+        \"atol\": 1e-12,\n+        \"rtol\": 1e-12\n+      }\n+    },\n+    {\n+      \"operation\": \"solve\",\n+      \"case_id\": \"solve_1x1\",\n+      \"mode\": \"Strict\",\n+      \"a\": [\n+        [\n+          5.0\n+        ]\n+      ],\n+      \"b\": [\n+        10.0\n+      ],\n+      \"expected\": {\n+        \"kind\": \"vector\",\n+        \"values\": [\n+          2.0\n+        ],\n+        \"atol\": 1e-12,\n+        \"rtol\": 1e-12\n+      }\n+    },\n+    {\n+      \"operation\": \"det\",\n+      \"case_id\": \"det_4x4\",\n+      \"mode\": \"Strict\",\n+      \"a\": [\n+        [\n+          1.0,\n+          2.0,\n+          3.0,\n+          4.0\n+        ],\n+        [\n+          5.0,\n+          6.0,\n+          7.0,\n+          8.0\n+        ],\n+        [\n+          9.0,\n+          10.0,\n+          12.0,\n+          13.0\n+        ],\n+        [\n+          14.0,\n+          15.0,\n+          16.0,\n+          20.0\n+        ]\n+      ],\n+      \"expected\": {\n+        \"kind\": \"scalar\",\n+        \"value\": -11.999999999999979,\n+        \"atol\": 1e-12,\n+        \"rtol\": 1e-12\n+      }\n+    },\n+    {\n+      \"operation\": \"lstsq\",\n+      \"case_id\": \"lstsq_exact_square\",\n+      \"mode\": \"Strict\",\n+      \"a\": [\n+        [\n+          1.0,\n+          0.0\n+        ],\n+        [\n+          0.0,\n+          1.0\n+        ]\n+      ],\n+      \"b\": [\n+        3.0,\n+        4.0\n+      ],\n+      \"expected\": {\n+        \"kind\": \"lstsq\",\n+        \"x\": [\n+          3.0,\n+          4.0\n+        ],\n+        \"residuals\": [],\n+        \"rank\": 2,\n+        \"singular_values\": [\n+          1.0,\n+          1.0\n+        ],\n+        \"atol\": 1e-09,\n+        \"rtol\": 1e-09\n+      }\n+    },\n+    {\n+      \"operation\": \"pinv\",\n+      \"case_id\": \"pinv_zero_matrix\",\n+      \"mode\": \"Strict\",\n+      \"a\": [\n+        [\n+          0.0,\n+          0.0\n+        ],\n+        [\n+          0.0,\n+          0.0\n+        ]\n+      ],\n+      \"expected\": {\n+        \"kind\": \"pinv\",\n+        \"values\": [\n+          [\n+            0.0,\n+            0.0\n+          ],\n+          [\n+            0.0,\n+            0.0\n+          ]\n+        ],\n+        \"rank\": 0,\n+        \"atol\": 1e-12,\n+        \"rtol\": 1e-12\n+      }\n+    },\n+    {\n+      \"operation\": \"solve\",\n+      \"case_id\": \"solve_nonsquare_error\",\n+      \"mode\": \"Strict\",\n+      \"a\": [\n+        [\n+          1.0,\n+          2.0,\n+          3.0\n+        ],\n+        [\n+          4.0,\n+          5.0,\n+          6.0\n+        ]\n+      ],\n+      \"b\": [\n+        1.0,\n+        2.0\n+      ],\n+      \"expected\": {\n+        \"kind\": \"error\",\n+        \"error\": \"expected square matrix\"\n+      }\n+    },\n+    {\n+      \"operation\": \"inv\",\n+      \"case_id\": \"inv_nonsquare_error\",\n+      \"mode\": \"Strict\",\n+      \"a\": [\n+        [\n+          1.0,\n+          2.0,\n+          3.0\n+        ],\n+        [\n+          4.0,\n+          5.0,\n+          6.0\n+        ]\n+      ],\n+      \"expected\": {\n+        \"kind\": \"error\",\n+        \"error\": \"expected square matrix\"\n+      }\n+    },\n+    {\n+      \"operation\": \"solve\",\n+      \"case_id\": \"solve_10x10_diag_dominant\",\n+      \"mode\": \"Strict\",\n+      \"a\": [\n+        [\n+          7.63266915454487,\n+          -0.13826430117118466,\n+          0.6476885381006925,\n+          1.5230298564080254,\n+          -0.23415337472333597,\n+          -0.23413695694918055,\n+          1.5792128155073915,\n+          0.7674347291529088,\n+          -0.4694743859349521,\n+          0.5425600435859647\n+        ],\n+        [\n+          -0.46341769281246226,\n+          10.019001554146756,\n+          0.24196227156603412,\n+          -1.913280244657798,\n+          -1.7249178325130328,\n+          -0.5622875292409727,\n+          -1.0128311203344238,\n+          0.3142473325952739,\n+          -0.9080240755212109,\n+          -1.4123037013352915\n+        ],\n+        [\n+          1.465648768921554,\n+          -0.22577630048653566,\n+          7.258030810024575,\n+          -1.4247481862134568,\n+          -0.5443827245251827,\n+          0.11092258970986608,\n+          -1.1509935774223028,\n+          0.37569801834567196,\n+          -0.600638689918805,\n+          -0.2916937497932768\n+        ],\n+        [\n+          -0.6017066122293969,\n+          1.8522781845089378,\n+          -0.013497224737933921,\n+          10.262162516158465,\n+          0.822544912103189,\n+          -1.2208436499710222,\n+          0.2088635950047554,\n+          -1.9596701238797756,\n+          -1.3281860488984305,\n+          0.19686123586912352\n+        ],\n+        [\n+          0.7384665799954104,\n+          0.1713682811899705,\n+          -0.11564828238824053,\n+          -0.3011036955892888,\n+          8.149372480034945,\n+          -0.7198442083947086,\n+          -0.4606387709597875,\n+          1.0571222262189157,\n+          0.3436182895684614,\n+          -1.763040155362734\n+        ],\n+        [\n+          0.324083969394795,\n+          -0.38508228041631654,\n+          -0.6769220003059587,\n+          0.6116762888408679,\n+          1.030999522495951,\n+          7.415282638169864,\n+          -0.8392175232226385,\n+          -0.3092123758512146,\n+          0.33126343140356396,\n+          0.9755451271223592\n+        ],\n+        [\n+          -0.47917423784528995,\n+          -0.18565897666381712,\n+          -1.1063349740060282,\n+          -1.1962066240806708,\n+          0.812525822394198,\n+          1.356240028570823,\n+          8.218439462685943,\n+          1.0035328978920242,\n+          0.36163602504763415,\n+          -0.6451197546051243\n+        ],\n+        [\n+          0.36139560550841393,\n+          1.5380365664659692,\n+          -0.03582603910995154,\n+          1.5646436558140062,\n+          -2.6197451040897444,\n+          0.8219025043752238,\n+          0.08704706823817122,\n+          10.406933585203744,\n+          0.0917607765355023,\n+          -1.9875689146008928\n+        ],\n+        [\n+          -0.21967188783751193,\n+          0.3571125715117464,\n+          1.477894044741516,\n+          -0.5182702182736474,\n+          -0.8084936028931876,\n+          -0.5017570435845365,\n+          0.9154021177020741,\n+          0.32875110965968446,\n+          7.170380233084298,\n+          0.5132674331133561\n+        ],\n+        [\n+          0.09707754934804039,\n+          0.9686449905328892,\n+          -0.7020530938773524,\n+          -0.3276621465977682,\n+          -0.39210815313215763,\n+          -1.4635149481321186,\n+          0.29612027706457605,\n+          0.26105527217988933,\n+          0.00511345664246089,\n+          5.7479370208824\n+        ]\n+      ],\n+      \"b\": [\n+        1.0,\n+        2.0,\n+        3.0,\n+        4.0,\n+        5.0,\n+        6.0,\n+        7.0,\n+        8.0,\n+        9.0,\n+        10.0\n+      ],\n+      \"expected\": {\n+        \"kind\": \"vector\",\n+        \"values\": [\n+          -0.3358598047280307,\n+          0.8542959849070371,\n+          0.8905550883023652,\n+          0.4937939646315658,\n+          0.9783029049831918,\n+          0.6243676443274344,\n+          0.812794371228029,\n+          1.1222297437278994,\n+          0.9193579426110134,\n+          1.8704330562834395\n+        ],\n+        \"atol\": 1e-08,\n+        \"rtol\": 1e-08\n+      }\n+    },\n+    {\n+      \"operation\": \"inv\",\n+      \"case_id\": \"inv_10x10_diag_dominant\",\n+      \"mode\": \"Strict\",\n+      \"a\": [\n+        [\n+          7.63266915454487,\n+          -0.13826430117118466,\n+          0.6476885381006925,\n+          1.5230298564080254,\n+          -0.23415337472333597,\n+          -0.23413695694918055,\n+          1.5792128155073915,\n+          0.7674347291529088,\n+          -0.4694743859349521,\n+          0.5425600435859647\n+        ],\n+        [\n+          -0.46341769281246226,\n+          10.019001554146756,\n+          0.24196227156603412,\n+          -1.913280244657798,\n+          -1.7249178325130328,\n+          -0.5622875292409727,\n+          -1.0128311203344238,\n+          0.3142473325952739,\n+          -0.9080240755212109,\n+          -1.4123037013352915\n+        ],\n+        [\n+          1.465648768921554,\n+          -0.22577630048653566,\n+          7.258030810024575,\n+          -1.4247481862134568,\n+          -0.5443827245251827,\n+          0.11092258970986608,\n+          -1.1509935774223028,\n+          0.37569801834567196,\n+          -0.600638689918805,\n+          -0.2916937497932768\n+        ],\n+        [\n+          -0.6017066122293969,\n+          1.8522781845089378,\n+          -0.013497224737933921,\n+          10.262162516158465,\n+          0.822544912103189,\n+          -1.2208436499710222,\n+          0.2088635950047554,\n+          -1.9596701238797756,\n+          -1.3281860488984305,\n+          0.19686123586912352\n+        ],\n+        [\n+          0.7384665799954104,\n+          0.1713682811899705,\n+          -0.11564828238824053,\n+          -0.3011036955892888,\n+          8.149372480034945,\n+          -0.7198442083947086,\n+          -0.4606387709597875,\n+          1.0571222262189157,\n+          0.3436182895684614,\n+          -1.763040155362734\n+        ],\n+        [\n+          0.324083969394795,\n+          -0.38508228041631654,\n+          -0.6769220003059587,\n+          0.6116762888408679,\n+          1.030999522495951,\n+          7.415282638169864,\n+          -0.8392175232226385,\n+          -0.3092123758512146,\n+          0.33126343140356396,\n+          0.9755451271223592\n+        ],\n+        [\n+          -0.47917423784528995,\n+          -0.18565897666381712,\n+          -1.1063349740060282,\n+          -1.1962066240806708,\n+          0.812525822394198,\n+          1.356240028570823,\n+          8.218439462685943,\n+          1.0035328978920242,\n+          0.36163602504763415,\n+          -0.6451197546051243\n+        ],\n+        [\n+          0.36139560550841393,\n+          1.5380365664659692,\n+          -0.03582603910995154,\n+          1.5646436558140062,\n+          -2.6197451040897444,\n+          0.8219025043752238,\n+          0.08704706823817122,\n+          10.406933585203744,\n+          0.0917607765355023,\n+          -1.9875689146008928\n+        ],\n+        [\n+          -0.21967188783751193,\n+          0.3571125715117464,\n+          1.477894044741516,\n+          -0.5182702182736474,\n+          -0.8084936028931876,\n+          -0.5017570435845365,\n+          0.9154021177020741,\n+          0.32875110965968446,\n+          7.170380233084298,\n+          0.5132674331133561\n+        ],\n+        [\n+          0.09707754934804039,\n+          0.9686449905328892,\n+          -0.7020530938773524,\n+          -0.3276621465977682,\n+          -0.39210815313215763,\n+          -1.4635149481321186,\n+          0.29612027706457605,\n+          0.26105527217988933,\n+          0.00511345664246089,\n+          5.7479370208824\n+        ]\n+      ],\n+      \"expected\": {\n+        \"kind\": \"matrix\",\n+        \"values\": [\n+          [\n+            0.1319080661286971,\n+            0.008334632510099419,\n+            -0.01818364696796743,\n+            -0.02224633392897163,\n+            0.004623965897265276,\n+            0.004700339237683996,\n+            -0.025390004175171697,\n+            -0.011123907537170526,\n+            0.005044442611792835,\n+            -0.01709014181521376\n+          ],\n+          [\n+            0.005999870015146751,\n+            0.094545278066391,\n+            -0.0009129729977179961,\n+            0.019193905114331528,\n+            0.016702738312644728,\n+            0.016144114687593407,\n+            0.010122204087327351,\n+            -0.0028626893508769784,\n+            0.013807743321988315,\n+            0.023256687390398136\n+          ],\n+          [\n+            -0.024060444177865042,\n+            -0.0029018725385905044,\n+            0.1417495170755133,\n+            0.026577704310844198,\n+            0.004541378243389007,\n+            0.0007288039878420335,\n+            0.021927208833654788,\n+            -0.0014786616986180636,\n+            0.013508816088789052,\n+            0.009853968089775662\n+          ],\n+          [\n+            0.005892688719105798,\n+            -0.018506818041890947,\n+            -0.0033844658295149824,\n+            0.08863364935031352,\n+            -0.006755408753271098,\n+            0.011361439535201625,\n+            -0.006834529934438911,\n+            0.018374521664455155,\n+            0.014090604152926864,\n+            -0.00798277825122321\n+          ],\n+          [\n+            -0.012829577144587342,\n+            -0.0038600727206707544,\n+            0.010484613237627408,\n+            0.00865425095613926,\n+            0.11566684127301352,\n+            0.016734767613532785,\n+            0.011042349700581551,\n+            -0.01060879631690664,\n+            -0.005607032449697147,\n+            0.031207618666387386\n+          ],\n+          [\n+            -0.005189210627343803,\n+            0.0077495907535498395,\n+            0.01338494799928025,\n+            -0.003225413711251668,\n+            -0.015197946844707554,\n+            0.1254560959557758,\n+            0.017060915284935134,\n+            0.0033192733935460865,\n+            -0.004791430130904463,\n+            -0.01928000801810471\n+          ],\n+          [\n+            0.007952665148681204,\n+            -0.000454512293227518,\n+            0.016368272941036946,\n+            0.01723292695366399,\n+            -0.012571280709251597,\n+            -0.01746273641618498,\n+            0.1191799831725431,\n+            -0.00888899478025012,\n+            0.0005322581343078622,\n+            0.008740877889683245\n+          ],\n+          [\n+            -0.010907543508351781,\n+            -0.01591072203100635,\n+            0.007413765190901655,\n+            -0.012061751196141748,\n+            0.028854987679857596,\n+            -0.00377190667242215,\n+            0.0010807117028280605,\n+            0.09091056802970644,\n+            -0.0067968713866779695,\n+            0.03956432584680246\n+          ],\n+          [\n+            0.007372190853509699,\n+            -0.003222917008039308,\n+            -0.03175430543138354,\n+            -0.0019546200161898353,\n+            0.010101127581749983,\n+            0.01078259776041091,\n+            -0.01911654102252267,\n+            -0.002418681152717097,\n+            0.13654011984469785,\n+            -0.01693840845616087\n+          ],\n+          [\n+            -0.007959063238674034,\n+            -0.01502425015017119,\n+            0.02055284599027519,\n+            0.004870810426016385,\n+            0.0006257187119330957,\n+            0.03208272456159417,\n+            -6.30936754027952e-05,\n+            -0.0020102421703716137,\n+            -0.0014015424700084067,\n+            0.16608113745392022\n+          ]\n+        ],\n+        \"atol\": 1e-06,\n+        \"rtol\": 1e-06\n+      }\n+    },\n+    {\n+      \"operation\": \"solve_banded\",\n+      \"case_id\": \"solve_banded_tridiagonal\",\n+      \"mode\": \"Strict\",\n+      \"l_and_u\": [\n+        1,\n+        1\n+      ],\n+      \"ab\": [\n+        [\n+          0.0,\n+          -1.0,\n+          -1.0\n+        ],\n+        [\n+          2.0,\n+          3.0,\n+          2.0\n+        ],\n+        [\n+          1.0,\n+          1.0,\n+          0.0\n+        ]\n+      ],\n+      \"b\": [\n+        1.0,\n+        2.0,\n+        3.0\n+      ],\n+      \"expected\": {\n+        \"kind\": \"vector\",\n+        \"values\": [\n+          0.875,\n+          0.75,\n+          1.1250000000000002\n+        ],\n+        \"atol\": 1e-10,\n+        \"rtol\": 1e-10\n+      }\n+    },\n+    {\n+      \"operation\": \"solve\",\n+      \"case_id\": \"solve_spd_3x3\",\n+      \"mode\": \"Strict\",\n+      \"a\": [\n+        [\n+          10.0,\n+          1.0,\n+          2.0\n+        ],\n+        [\n+          1.0,\n+          8.0,\n+          1.0\n+        ],\n+        [\n+          2.0,\n+          1.0,\n+          6.0\n+        ]\n+      ],\n+      \"b\": [\n+        1.0,\n+        2.0,\n+        3.0\n+      ],\n+      \"assume_a\": \"positive_definite\",\n+      \"expected\": {\n+        \"kind\": \"vector\",\n+        \"values\": [\n+          -0.013761467889908268,\n+          0.19266055045871555,\n+          0.4724770642201836\n+        ],\n+        \"atol\": 1e-12,\n+        \"rtol\": 1e-12\n+      }\n+    },\n+    {\n+      \"operation\": \"solve\",\n+      \"case_id\": \"solve_hilbert_4x4\",\n+      \"mode\": \"Strict\",\n+      \"a\": [\n+        [\n+          1.0,\n+          0.5,\n+          0.3333333333333333,\n+          0.25\n+        ],\n+        [\n+          0.5,\n+          0.3333333333333333,\n+          0.25,\n+          0.2\n+        ],\n+        [\n+          0.3333333333333333,\n+          0.25,\n+          0.2,\n+          0.16666666666666666\n+        ],\n+        [\n+          0.25,\n+          0.2,\n+          0.16666666666666666,\n+          0.14285714285714285\n+        ]\n+      ],\n+      \"b\": [\n+        1.0,\n+        1.0,\n+        1.0,\n+        1.0\n+      ],\n+      \"expected\": {\n+        \"kind\": \"vector\",\n+        \"values\": [\n+          -3.999999999999357,\n+          59.99999999999229,\n+          -179.99999999998084,\n+          139.9999999999873\n+        ],\n+        \"atol\": 0.0001,\n+        \"rtol\": 0.0001\n+      }\n+    },\n+    {\n+      \"operation\": \"det\",\n+      \"case_id\": \"det_hilbert_4x4\",\n+      \"mode\": \"Strict\",\n+      \"a\": [\n+        [\n+          1.0,\n+          0.5,\n+          0.3333333333333333,\n+          0.25\n+        ],\n+        [\n+          0.5,\n+          0.3333333333333333,\n+          0.25,\n+          0.2\n+        ],\n+        [\n+          0.3333333333333333,\n+          0.25,\n+          0.2,\n+          0.16666666666666666\n+        ],\n+        [\n+          0.25,\n+          0.2,\n+          0.16666666666666666,\n+          0.14285714285714285\n+        ]\n+      ],\n+      \"expected\": {\n+        \"kind\": \"scalar\",\n+        \"value\": 1.653439153439039e-07,\n+        \"atol\": 1e-12,\n+        \"rtol\": 1e-12\n+      }\n+    },\n+    {\n+      \"operation\": \"lstsq\",\n+      \"case_id\": \"lstsq_3x2_overdetermined\",\n+      \"mode\": \"Strict\",\n+      \"a\": [\n+        [\n+          1.0,\n+          1.0\n+        ],\n+        [\n+          1.0,\n+          2.0\n+        ],\n+        [\n+          1.0,\n+          3.0\n+        ]\n+      ],\n+      \"b\": [\n+        6.0,\n+        5.0,\n+        